1880    3.205
1881    -2.65
1882    1.89
1883    -3.545
1884    -2.685
1885    -5.48
1886    -2.02
1887    -3.19
1888    -3.27
1889    -1.38
1890    1.17999995
1891    0.375
1892    -0.78000005
1893    -4.27
1894    -1.095
1895    -3.775
1896    0.325
1897    -0.77
1898    -0.09
1899    -3
1900    -1.1
1901    -2.74
1902    -1.875
1903    -1.19499995
1904    -5.04
1905    -4.57
1906    0.075
1907    -1.115
1908    -0.59999995
1909    0.70000005
1910    -2.235
1911    0.51
1912    -5.065
1913    -1.11499995
1914    -1.3
1915    -0.38
1916    -1.395
1917    -3.075
1918    -4.02
1919    0.57
1920    -3.19
1921    1.355
1922    -1.46
1923    -1.56
1924    -2.205
1925    -0.38500005
1926    0.12499997
1927    0.16
1928    -0.129999985
1929    -3.425
1930    -0.46
1931    2.375
1932    2.765
1933    1.6
1934    -0.7
1935    -0.595
1936    -4.895
1937    -0.50999995
1938    0.545
1939    0.4
1940    -2.38
1941    -0.38
1942    -0.79
1943    -1.23499995
1944    1.43
1945    -0.8
1946    0.37500001
1947    -0.245
1948    -2.085
1949    0.58
1950    0.225
1951    -0.635
1952    1.69
1953    1.435
1954    1.83500005
1955    -0.575
1956    -0.23
1957    -0.755
1958    -1.51
1959    -2.53
1960    -0.26499995
1961    0.1
1962    -2.395
1963    -4.495
1964    0.785
1965    -1.12
1966    -1.605
1967    -0.895
1968    -1.58499995
1969    -0.780000025
1970    -2.415
1971    -1.895
1972    -1.725
1973    0.76999999
1974    -0.674999975
1975    0.265
1976    0.24
1977    -3.85
1978    -4.3449995
1979    -4.88
1980    -1.364999995
1981    -0.355
1982    -3.2249995
1983    1.745
1984    0.185
1985    -2.505
1986    -0.744999985
1987    1.46
1988    -1.79
1989    -0.015
1990    2.45
1991    0.055
1992    2.105
1993    -0.635
1994    -3.23
1995    -0.16499995
1996    -0.97
1997    -0.51999995
1998    3.435
1999    0.87000005
2000    1.14000002
2001    0.065
2002    3.02
2003    -1.615
2004    -0.749999975
2005    1.055
2006    2.68
2007    -0.78
2008    -0.915
2009    -1.44000005
2010    -0.58
2011    -0.765
2012    2.525
2013    0.39
2014    -4.31
2015    -2.91999995
2016    1.23500005
